1	8803	62
2	8804	26
3	8805	26
4	8806	26
5	8807	26
6	8808	26
7	8809	26
8	8810	26
9	8811	62
10	8812	62
11	8813	62
12	8814	72
13	8815	72
14	8816	72
15	8817	72
16	8818	72
17	8819	72
18	8820	72
19	8821	72
20	8822	72
24	8823	72
25	8824	72
26	8825	72
27	8826	72
28	8827	72
29	8828	72
30	8829	72
31	8830	74
32	8831	62
33	8832	72
34	8833	72
1060	8834	72
1061	8835	72
1062	8836	72
1063	8837	62
1064	8838	62
1065	8839	62
1066	8840	62
1067	8841	72
1068	8842	72
1069	8843	72
1070	8844	17
1071	8845	100
1072	8846	100
1073	8847	72
1074	8848	72
1075	8849	72
1076	8850	13
1077	8851	98
1078	8852	17
1079	8853	100
1080	8854	13
1081	8855	13
1082	8856	100
1083	8857	72
1084	8858	98
1085	8859	17
1086	8860	57
1087	8861	98
1088	8862	98
1089	8863	59
1090	8864	101
1091	8865	57
1092	8866	57
1093	8867	59
1094	8868	101
1095	8869	101
1096	8870	98
1097	8871	98
1098	8872	98
1341	8873	101
1342	8874	101
1343	8875	101
1344	8876	59
1345	8877	101
1346	8878	101
1347	8879	101
1348	8880	59
1349	8881	59
1350	8882	101
1351	8883	101
1352	8884	98
1353	8885	101
1354	8886	98
1355	8887	101
1356	8888	101
1357	8889	105
1358	8890	101
1359	8891	101
1360	8892	98
1361	8893	98
1362	8894	29
1363	8895	29
1364	8896	29
1365	8897	106
1366	8898	106
1367	8899	29
1368	8900	29
1369	8901	29
1370	8902	149
1371	8903	108
1372	8904	29
1373	8905	29
1374	8906	29
1375	8907	29
1376	8908	108
1377	8909	106
1378	8910	29
1379	8911	106
1380	8912	98
1381	8913	29
2447	8914	106
2448	8915	106
2449	8916	106
2450	8917	29
2451	8918	29
2452	8919	29
2453	8920	149
2454	8921	108
2455	8922	106
2456	8923	29
2457	8924	106
2458	8925	108
2459	8926	108
2460	8927	150
2461	8928	106
2462	8929	98
2463	8930	98
2464	8931	106
2465	8932	98
2466	8933	98
2467	8934	98
2468	8935	98
2469	8936	106
2470	8937	29
2471	8938	106
2472	8939	98
2473	8940	108
2474	8941	98
2475	8942	149
2476	8943	98
2477	8944	98
2478	8945	98
2479	8946	98
2480	8947	98
2481	8948	98
2482	8949	98
2483	8950	98
2484	8951	29
2485	8952	98
2486	8953	98
2487	8954	98
1382	8955	108
1383	8956	36
1384	8957	36
1385	8958	36
1386	8959	19
1387	8960	36
1388	8961	36
1389	8962	36
1390	8963	56
1391	8964	36
1392	8965	36
1393	8966	36
1394	8967	36
1395	8968	36
1396	8969	36
1397	8970	36
1398	8971	56
1399	8972	74
1400	8973	3
1401	8974	83
1402	8975	18
1403	8976	18
1404	8977	81
1405	8978	18
1406	8979	18
1407	8980	18
1408	8981	81
1409	8982	59
1410	8983	81
1411	8984	81
1412	8985	72
1413	8986	72
1414	8987	81
1415	8988	72
1416	8989	111
1417	8990	87
1418	8991	18
1099	8992	18
1100	8993	83
1101	8994	83
1102	8995	81
1103	8996	81
1104	8997	111
1105	8998	87
1106	8999	87
1107	9000	18
1108	9001	18
1109	9002	18
1110	9003	110
1111	9004	53
1112	9005	81
1113	9006	81
1114	9007	83
1115	9008	59
1116	9009	18
1117	9010	18
1118	9011	18
1119	9012	7
1120	9013	59
1121	9014	81
1122	9015	111
1123	9016	111
1124	9017	59
1125	9018	59
1126	9019	87
1127	9020	87
1128	9021	87
1129	9022	87
1130	9023	87
1131	9024	53
1132	9025	53
1133	9026	111
1419	9027	81
1420	9028	72
1421	9029	72
1422	9030	109
1423	9031	59
1424	9032	98
1425	9033	87
1426	9034	87
1427	9035	98
1428	9036	111
1429	9037	192
1430	9038	108
1431	9039	98
1432	9040	98
1433	9041	98
1434	9042	108
1435	9043	108
1436	9044	65
1437	9045	192
1438	9046	65
1439	9047	65
1440	9048	65
1441	9049	98
1442	9050	98
1443	9051	7
1444	9052	7
1445	9053	98
1446	9054	98
1447	9055	98
1448	9056	65
1449	9057	110
1450	9058	110
1451	9059	59
1452	9060	110
1453	9061	98
1134	9062	65
1135	9063	65
1136	9064	98
1137	9065	65
1138	9066	65
1139	9067	65
1140	9068	59
1141	9069	65
1142	9070	65
1143	9071	59
1144	9072	98
1145	9073	65
1146	9074	59
1147	9075	65
1148	9076	59
1149	9077	59
1150	9078	108
1151	9079	65
1152	9080	108
1153	9081	108
1154	9082	110
1155	9083	49
1156	9084	65
1157	9085	49
1158	9086	53
1159	9087	72
1160	9088	72
1161	9089	18
1162	9090	18
1163	9091	18
1164	9092	18
1165	9093	18
1166	9094	18
1167	9095	18
1168	9096	18
1454	9097	18
1455	9098	18
1456	9099	90
1457	9100	74
1458	9101	74
1459	9102	74
1460	9103	90
1461	9104	90
1462	9105	90
1463	9106	72
1464	9107	72
1465	9108	74
1466	9109	77
1467	9110	77
1468	9111	77
1469	9112	77
1470	9113	74
1471	9114	74
1472	9115	84
1473	9116	84
1474	9117	84
1475	9118	84
1476	9119	84
1477	9120	102
1478	9121	102
1479	9122	102
1480	9123	102
1481	9124	102
1482	9125	102
1483	9126	102
1484	9127	102
1485	9128	74
1486	9129	74
1169	9130	74
1170	9131	74
1171	9132	74
1172	9133	74
1173	9134	74
1174	9135	18
1175	9136	73
1176	9137	81
1177	9138	81
1178	9139	81
1179	9140	72
1180	9141	93
1181	9142	93
1182	9143	93
1183	9144	93
1184	9145	93
1185	9146	10
1186	9147	74
1187	9148	74
1188	9149	18
1189	9150	74
1190	9151	74
1191	9152	74
1192	9153	18
1193	9154	73
1194	9155	18
1195	9156	18
1196	9157	74
1197	9158	74
1198	9159	74
1199	9160	77
1487	9161	36
1488	9162	36
1489	9163	63
1490	9164	63
1491	9165	63
1492	9166	63
1493	9167	63
1494	9168	63
1495	9169	63
1496	9170	63
1497	9171	63
1498	9172	63
1499	9173	63
1500	9174	63
1501	9175	63
1502	9176	63
1503	9177	63
1504	9178	63
1505	9179	63
1506	9180	63
1507	9181	63
1508	9182	63
1509	9183	63
1510	9184	63
1511	9185	63
1512	9186	83
1513	9187	83
1514	9188	90
1515	9189	90
1516	9190	90
1517	9191	90
1518	9192	90
1519	9193	63
1200	9194	63
1201	9195	90
1202	9196	90
1203	9197	90
1204	9198	90
1205	9199	90
1206	9200	90
1207	9201	90
1208	9202	90
1209	9203	90
1210	9204	90
1211	9205	90
1212	9206	93
1213	9207	93
1214	9208	93
1215	9209	93
1216	9210	6
1217	9211	18
1218	9212	18
1219	9213	18
1220	9214	18
1221	9215	18
1222	9216	18
1223	9217	18
1224	9218	18
1225	9219	63
1226	9220	90
1227	9221	90
1228	9222	3
1229	9223	90
1028	9224	90
1029	9225	90
1030	9226	90
1031	9227	90
1032	9228	90
1033	9229	90
1034	9230	90
1035	9231	90
1036	9232	90
1037	9233	90
1038	9234	90
1039	9235	98
1040	9236	98
1041	9237	98
1042	9238	98
1043	9239	79
1044	9240	79
1045	9241	79
1046	9242	79
1047	9243	79
1048	9244	79
1049	9245	98
1050	9246	98
1051	9247	102
1052	9248	102
1053	9249	90
1054	9250	98
1055	9251	90
1056	9252	102
1057	9253	90
1058	9254	98
1059	9255	98
1230	9256	98
1231	9257	98
1232	9258	102
1233	9259	102
1234	9260	98
1235	9261	102
1236	9262	98
1237	9263	102
1238	9264	74
1239	9265	98
1240	9266	90
1241	9267	90
1242	9268	90
1243	9269	93
1244	9270	90
1245	9271	93
1246	9272	90
1247	9273	90
1248	9274	90
1249	9275	93
1250	9276	93
1251	9277	58
1252	9278	93
1253	9279	90
1254	9280	90
1255	9281	93
1256	9282	15
1257	9283	90
1258	9284	90
1259	9285	90
1260	9286	90
1261	9287	90
1262	9288	90
1263	9289	90
1264	9290	40
1265	9291	90
1266	9292	90
214	9293	84
215	9294	40
216	9295	90
217	9296	98
218	9297	84
219	9298	90
220	9299	90
221	9300	90
999	9301	90
1000	9302	90
35	9303	84
36	9304	84
37	9305	83
38	9306	15
39	9307	90
40	9308	90
41	9309	90
42	9310	90
43	9311	90
44	9312	83
45	9313	83
46	9314	15
47	9315	90
48	9316	83
49	9317	15
50	9318	15
51	9319	15
52	9320	40
53	9321	15
21	9322	15
22	9323	83
23	9324	15
54	9325	67
55	9326	66
56	9327	72
57	9328	72
58	9329	71
59	9330	3
60	9331	98
61	9332	16
62	9333	16
63	9334	36
64	9335	32
65	9336	36
66	9337	36
67	9338	32
68	9339	32
1267	9340	16
1268	9341	76
1269	9342	76
1270	9343	76
1271	9344	32
1272	9345	74
1273	9346	67
1274	9347	67
1275	9348	36
1276	9349	36
1277	9350	36
1278	9351	36
1279	9352	104
1280	9353	67
1281	9354	67
1282	9355	36
1283	9356	36
1284	9357	67
1285	9358	67
1286	9359	32
1287	9360	104
1288	9361	104
1289	9362	56
1290	9363	56
1291	9364	32
1292	9365	72
1293	9366	88
1294	9367	72
1295	9368	88
1296	9369	76
1297	9370	36
1298	9371	56
1299	9372	76
1300	9373	76
1301	9374	88
1302	9375	16
1303	9376	56
1001	9377	36
1304	9378	66
1305	9379	16
1306	9380	16
1307	9381	40
1308	9382	76
1309	9383	76
1310	9384	76
1311	9385	90
1312	9386	90
1313	9387	63
3135	9388	63
1315	9389	63
1316	9390	90
1317	9391	67
1318	9392	67
1319	9393	90
1320	9394	66
1321	9395	90
1322	9396	66
1323	9397	66
1324	9398	63
1325	9399	90
1326	9400	90
1327	9401	90
1328	9402	90
1329	9403	67
1330	9404	67
1331	9405	40
1332	9406	40
1333	9407	63
1334	9408	51
1335	9409	51
1336	9410	90
1337	9411	63
1338	9412	63
1339	9413	51
1340	9414	51
1002	9415	51
177	9416	16
178	9417	67
179	9418	51
180	9419	16
181	9420	90
182	9421	90
183	9422	51
184	9423	67
185	9424	67
186	9425	51
187	9426	51
188	9427	16
189	9428	90
190	9429	51
191	9430	51
192	9431	51
193	9432	98
194	9433	90
195	9434	90
196	9435	90
197	9436	90
198	9437	67
199	9438	40
200	9439	67
201	9440	67
202	9441	67
203	9442	16
204	9443	36
205	9444	36
206	9445	67
207	9446	16
208	9447	90
209	9448	5
210	9449	5
211	9450	5
212	9451	5
213	9452	5
1003	9453	5
140	9454	5
141	9455	90
142	9456	5
143	9457	5
144	9458	5
145	9459	5
146	9460	5
147	9461	5
148	9462	40
149	9463	72
150	9464	40
151	9465	21
152	9466	21
153	9467	90
154	9468	21
155	9469	21
156	9470	90
157	9471	6
158	9472	90
159	9473	21
160	9474	21
161	9475	36
162	9476	36
163	9477	36
164	9478	36
165	9479	36
166	9480	6
167	9481	56
168	9482	56
169	9483	90
170	9484	90
171	9485	21
172	9486	6
173	9487	6
174	9488	56
175	9489	56
176	9490	21
1004	9491	21
104	9492	90
105	9493	6
106	9494	36
107	9495	36
108	9496	36
109	9497	36
110	9498	36
111	9499	36
112	9500	74
113	9501	74
114	9502	74
115	9503	74
116	9504	56
3651	9505	45
3653	9505	95
3654	9505	108
3652	9505	129
118	9506	12
119	9507	95
120	9508	88
121	9509	18
122	9510	74
123	9511	8
124	9512	52
125	9513	74
126	9514	88
127	9515	147
128	9516	75
129	9517	63
130	9518	72
131	9519	72
132	9520	72
133	9521	72
134	9522	72
135	9523	72
136	9524	72
137	9525	8
138	9526	30
139	9527	30
1005	9528	30
69	9529	44
70	9530	44
71	9531	44
72	9532	52
73	9533	52
74	9534	98
75	9535	98
76	9536	72
77	9537	61
78	9538	72
79	9539	72
80	9540	72
81	9541	72
82	9542	72
83	9543	23
84	9544	23
85	9545	23
86	9546	23
87	9547	23
88	9548	23
89	9549	23
90	9550	23
91	9551	23
92	9552	23
93	9553	23
94	9554	23
95	9555	23
96	9556	23
97	9557	23
98	9558	23
99	9559	72
100	9560	98
101	9561	72
102	9562	72
103	9563	72
1006	9564	72
1520	9565	72
1521	9566	72
1522	9567	72
1523	9568	72
1524	9569	72
1525	9570	72
1526	9571	72
1527	9572	112
1528	9573	112
1529	9574	112
1530	9575	112
1531	9576	105
1532	9577	72
1533	9578	72
1534	9579	72
1535	9580	72
1536	9581	72
1537	9582	72
1538	9583	72
1539	9584	72
1540	9585	72
1541	9586	72
1542	9587	34
1543	9588	34
1544	9589	34
1545	9590	34
1546	9591	34
1547	9592	34
1548	9593	34
1549	9594	34
1550	9595	34
1551	9596	34
1552	9597	34
1553	9598	34
1554	9599	34
1555	9600	34
1556	9601	34
1557	9602	34
1558	9603	34
1559	9604	34
1560	9605	34
1561	9606	34
1562	9607	34
1007	9608	34
1563	9609	34
1564	9610	34
1565	9611	72
1566	9612	72
1567	9613	105
1568	9614	113
1569	9615	113
1570	9616	113
1571	9617	113
1572	9618	72
1573	9619	72
1574	9620	72
1575	9621	72
1576	9622	72
1577	9623	74
1578	9624	74
1579	9625	74
1580	9626	72
1581	9627	72
1582	9628	72
1583	9629	72
1584	9630	72
1585	9631	72
1586	9632	72
1587	9633	72
1588	9634	72
3136	9635	72
3137	9636	72
1591	9637	114
1592	9638	28
1593	9639	28
1594	9640	114
1595	9641	20
1596	9642	28
1597	9643	28
1598	9644	20
1599	9645	114
1600	9646	114
1601	9647	28
1602	9648	115
1603	9649	114
1604	9650	114
1008	9651	20
1605	9652	114
1606	9653	114
1607	9654	114
1608	9655	28
1609	9656	28
1610	9657	28
1611	9658	114
1612	9659	20
1613	9660	20
1614	9661	72
1615	9662	72
1616	9663	72
1617	9664	72
1618	9665	72
1619	9666	33
1620	9667	33
1621	9668	33
1622	9669	33
1623	9670	72
1624	9671	72
1625	9672	72
1626	9673	72
1627	9674	72
1628	9675	72
1629	9676	72
1630	9677	72
1631	9678	72
1632	9679	72
1633	9680	72
1634	9681	72
1635	9682	72
1636	9683	98
1637	9684	98
1638	9685	72
1639	9686	72
1640	9687	72
1641	9688	72
1642	9689	72
1643	9690	72
1644	9691	116
1645	9692	116
1646	9693	116
1647	9694	117
1009	9695	43
2658	9696	117
2659	9697	116
2660	9698	117
2661	9699	117
2662	9700	117
2663	9701	117
2664	9702	117
2665	9703	117
2666	9704	118
2667	9705	118
2668	9706	122
2669	9707	119
2670	9708	119
2671	9709	120
2672	9710	122
2673	9711	119
2674	9712	117
2675	9713	122
2676	9714	122
2677	9715	119
2678	9716	122
2679	9717	117
2680	9718	122
2681	9719	119
2682	9720	117
2683	9721	121
2684	9722	33
2685	9723	114
2686	9724	145
2687	9725	145
2688	9726	146
2689	9727	17
2690	9728	114
2691	9729	114
2692	9730	60
2693	9731	60
2694	9732	13
2695	9733	60
2696	9734	17
2697	9735	60
1010	9736	72
1011	9737	60
1012	9738	72
3134	9739	72
1014	9740	17
1015	9741	17
1016	9742	45
1017	9743	72
1018	9744	72
1019	9745	72
1020	9746	72
1021	9747	72
1022	9748	17
1023	9749	13
1024	9750	13
1025	9751	17
1026	9752	13
1027	9753	13
2623	9754	142
2624	9755	142
2625	9756	17
2626	9757	17
2627	9758	13
2628	9759	45
2629	9760	45
2630	9761	144
2631	9762	142
2632	9763	17
2633	9764	17
2634	9765	17
2635	9766	45
2636	9767	45
2637	9768	142
2638	9769	142
2639	9770	142
2640	9771	17
2641	9772	45
2642	9773	142
2643	9774	142
2644	9775	45
2645	9776	144
2646	9777	13
2647	9778	13
2648	9779	142
2649	9780	142
2650	9781	142
2651	9782	142
2652	9783	142
2653	9784	13
2654	9785	13
2655	9786	45
2656	9787	142
1761	9788	142
2657	9789	142
2587	9790	142
2588	9791	142
2589	9792	13
2590	9793	13
2591	9794	45
2592	9795	72
2593	9796	72
2594	9797	72
2595	9798	72
2596	9799	72
2597	9800	72
2598	9801	72
2599	9802	72
2600	9803	72
2601	9804	72
2602	9805	72
2603	9806	72
2604	9807	72
2605	9808	72
2606	9809	72
2607	9810	72
2608	9811	72
2609	9812	72
2610	9813	72
2611	9814	72
2612	9815	72
2613	9816	140
2614	9817	140
2615	9818	143
2616	9819	17
2617	9820	143
2618	9821	140
2619	9822	140
2620	9823	143
2621	9824	143
2622	9825	140
2554	9826	72
2555	9827	140
2556	9828	72
2557	9829	72
2558	9830	72
2559	9831	72
2560	9832	143
2561	9833	143
2562	9834	140
2563	9835	140
2564	9836	143
2565	9837	17
2566	9838	143
2567	9839	72
2568	9840	72
2569	9841	140
2570	9842	72
2571	9843	72
2572	9844	72
2573	9845	72
2574	9846	72
2575	9847	72
2576	9848	72
2577	9849	72
2578	9852	27
2579	9853	27
2580	9854	27
2581	9855	141
2582	9856	22
2583	9857	22
2584	9858	22
2585	9859	22
2586	9860	46
2521	9861	46
2522	9862	98
2523	9863	98
2524	9864	92
2525	9865	98
2526	9866	92
2527	9867	92
2528	9868	92
2529	9869	94
2530	9870	98
2531	9871	72
2532	9872	72
2533	9873	72
2534	9874	72
2535	9875	107
2536	9876	61
2537	9877	72
2538	9878	98
2539	9879	61
2540	9880	72
2541	9881	72
2542	9882	98
2543	9883	61
2544	9884	61
2545	9885	138
2546	9886	13
2547	9887	13
2548	9888	60
2549	9889	138
2550	9890	61
2551	9891	60
2552	9892	60
1760	9893	60
2553	9894	61
2488	9895	138
2489	9896	72
2490	9897	72
2491	9898	72
2492	9899	98
2493	9900	98
2494	9901	98
2495	9902	72
2496	9903	72
2497	9904	72
2498	9905	72
2499	9906	72
2500	9907	72
2501	9908	47
2502	9909	47
2503	9910	47
2504	9911	61
2505	9912	72
2506	9913	72
2507	9914	72
2508	9915	105
2509	9916	105
2510	9917	61
2511	9918	61
2512	9919	61
2513	9920	61
2514	9921	98
2515	9922	98
2516	9923	47
2517	9924	139
2518	9925	139
2519	9926	139
2520	9927	72
2409	9928	72
2410	9929	72
2411	9930	72
2412	9931	72
2413	9932	72
2414	9933	72
2415	9934	72
2416	9935	72
2417	9936	74
2418	9937	74
2419	9938	74
2420	9939	74
2421	9940	74
2422	9941	74
2423	9942	74
2424	9943	74
2425	9944	74
2426	9945	74
1759	9946	74
2427	9947	74
2428	9948	74
2429	9949	74
2430	9950	74
2431	9951	93
2432	9952	135
2433	9953	72
2434	9954	96
2435	9955	96
2436	9956	72
2437	9957	93
2438	9958	93
2439	9959	72
2440	9960	93
2441	9961	93
2442	9962	93
2443	9963	72
2444	9964	72
2445	9965	96
2446	9966	96
2373	9967	72
2374	9968	72
2375	9969	96
2376	9970	96
2377	9971	60
2378	9972	60
2379	9973	96
2380	9974	135
2381	9975	72
2382	9976	72
2383	9977	59
2384	9978	72
2385	9979	134
2386	9980	93
2387	9981	93
2388	9982	17
1758	9983	17
2389	9984	60
2390	9985	93
2391	9986	17
2392	9987	96
2393	9988	96
2394	9989	17
2395	9990	93
2396	9991	60
2397	9992	134
2398	9993	17
2399	9994	93
2400	9995	134
2401	9996	134
2402	9997	96
2403	9998	17
2404	9999	134
2405	10000	17
2406	10001	17
2407	10002	135
2408	10003	17
2340	10004	98
2341	10005	17
2342	10006	134
2343	10007	135
2344	10008	134
2345	10009	134
2346	10010	134
2347	10011	134
2348	10012	134
2349	10013	134
2350	10014	74
2351	10015	74
1753	10016	72
2352	10017	18
1754	10018	18
2353	10019	18
1755	10020	18
2354	10021	137
2355	10022	18
2356	10023	18
2357	10024	75
2358	10025	18
2359	10026	18
2360	10027	136
2361	10028	18
2362	10029	136
2363	10030	136
2364	10031	137
2365	10032	18
2366	10033	18
2367	10034	18
2368	10035	136
2369	10036	136
1756	10037	136
2370	10038	136
1757	10039	136
2371	10040	136
2372	10041	136
2306	10042	136
2307	10043	136
2308	10044	72
2309	10045	60
2310	10046	60
2311	10047	60
2312	10048	60
2313	10049	60
2314	10050	60
2315	10051	60
2316	10052	47
2270	10053	47
2271	10054	47
2272	10055	47
2273	10056	72
2274	10057	72
2275	10058	72
2276	10059	17
2277	10060	17
2278	10061	17
2279	10062	17
2280	10063	47
2281	10064	72
2298	10065	72
2299	10066	72
2300	10067	72
2301	10068	72
2302	10069	72
2303	10070	72
2282	10071	72
1716	10072	72
2283	10073	72
2284	10074	72
2285	10075	60
2286	10076	60
2287	10077	60
2288	10078	60
2289	10079	72
2290	10080	72
2291	10081	60
2292	10082	60
2293	10083	60
2294	10084	60
2295	10085	60
2296	10086	72
2297	10087	72
2304	10088	72
2305	10089	72
2332	10090	72
2234	10091	72
2235	10092	72
2236	10093	96
2237	10094	17
2238	10095	96
2239	10096	47
2240	10097	17
2241	10098	72
2242	10099	72
2243	10100	17
2244	10101	96
2245	10102	47
2246	10103	47
2263	10104	96
2264	10105	47
2265	10106	47
2266	10107	17
2267	10108	72
2247	10109	96
1752	10110	96
2248	10111	17
2249	10112	47
2250	10113	60
2251	10114	60
2252	10115	60
2253	10116	60
2254	10117	60
2255	10118	96
2256	10119	96
2257	10120	72
2258	10121	72
2259	10122	96
2260	10123	60
2261	10124	60
2262	10125	96
2268	10126	96
2269	10127	72
2333	10128	96
2198	10129	60
2199	10130	60
2200	10131	60
2201	10132	60
2202	10133	60
2203	10134	60
2204	10135	96
2205	10136	98
2206	10137	60
2207	10138	60
2208	10139	96
2209	10140	96
2210	10141	60
2228	10142	96
2229	10143	17
2230	10144	60
2231	10145	60
2232	10146	60
2211	10147	72
1762	10148	72
2212	10149	72
2213	10150	17
2214	10151	17
2215	10152	96
2216	10153	96
2217	10154	60
2218	10155	60
2219	10156	60
2220	10157	74
2221	10158	74
2222	10159	74
2223	10160	74
2224	10161	74
2225	10162	74
2226	10163	74
2227	10164	74
2233	10165	74
2334	10166	74
2164	10167	74
2165	10168	74
2166	10169	47
2167	10170	74
2168	10171	74
2169	10172	17
2170	10173	72
2171	10174	96
2172	10175	96
2173	10176	74
2174	10177	47
2175	10178	47
2176	10179	96
2177	10180	74
2178	10181	72
1763	10182	72
2193	10183	74
2194	10184	74
2195	10185	74
2179	10186	74
2180	10187	74
2181	10188	60
2182	10189	60
2183	10190	72
2184	10191	17
2185	10192	17
2186	10193	127
2187	10194	47
2188	10195	47
2189	10196	133
2190	10197	133
2191	10198	72
2192	10199	72
2196	10200	72
2197	10201	72
2335	10202	72
2153	10203	72
2154	10204	72
1727	10205	96
1728	10206	96
1729	10207	96
1730	10208	96
2155	10209	96
2156	10210	60
2157	10211	17
2158	10212	60
2159	10213	60
1731	10214	72
1732	10215	127
1733	10216	72
1734	10217	47
2160	10218	47
2161	10219	47
1735	10220	127
1736	10221	60
1737	10222	60
1738	10223	47
1739	10224	72
1740	10225	72
1741	10226	60
1742	10227	96
1743	10228	72
1744	10229	127
1745	10230	47
1746	10231	96
1747	10232	60
1748	10233	96
1749	10234	60
1649	10235	47
1750	10236	96
1751	10237	72
2162	10238	127
2163	10239	47
2336	10240	60
2121	10241	127
2122	10242	96
2123	10243	47
2124	10244	47
2126	10245	127
2127	10246	60
2128	10247	127
2129	10248	98
2130	10249	123
2131	10250	123
2132	10251	123
2133	10252	96
2134	10253	96
2135	10254	47
2136	10255	47
2137	10256	96
2138	10257	96
1722	10258	96
2139	10259	47
1723	10260	96
2140	10261	96
1724	10262	47
2141	10263	98
1725	10264	96
2142	10265	123
1726	10266	96
2143	10267	95
2144	10268	47
2145	10269	47
2146	10270	95
2147	10271	95
2148	10272	127
2149	10273	96
2150	10274	95
2151	10275	95
2152	10276	98
2337	10277	96
2087	10278	96
2088	10279	96
2090	10280	47
2091	10281	95
2092	10282	96
2093	10283	96
2094	10284	96
2095	10285	95
2096	10287	123
2097	10288	96
2098	10289	96
2099	10290	47
2100	10291	47
2101	10292	95
2102	10293	96
2103	10294	96
2104	10295	96
2105	10296	95
2125	10297	10
1720	10298	63
2106	10299	10
1721	10300	7
2107	10301	7
2108	10302	18
2109	10303	131
2110	10304	18
2111	10305	18
2112	10306	18
2113	10307	18
2114	10308	18
2115	10309	132
2116	10310	132
2117	10311	48
2118	10312	48
2119	10313	48
2120	10314	48
2317	10315	48
2052	10316	48
2053	10317	48
2054	10318	48
2058	10319	130
2059	10320	18
2060	10321	98
2061	10322	98
2062	10323	123
2063	10324	58
2064	10325	58
2065	10326	63
2066	10327	63
2067	10328	63
2068	10329	63
2069	10330	63
2070	10331	63
2089	10332	63
2071	10333	63
1719	10334	63
2072	10335	63
2073	10336	63
2074	10337	63
2075	10338	98
2076	10339	98
2077	10340	123
2078	10341	123
2079	10342	181
2080	10343	81
2081	10344	81
2082	10345	81
2083	10346	81
2084	10347	81
2085	10348	81
2086	10349	81
2318	10350	81
2319	10351	81
2320	10352	72
2321	10353	72
2322	10354	72
2323	10355	72
2324	10356	72
2325	10357	72
2326	10358	91
2327	10359	91
2328	10360	91
2329	10361	97
2330	10362	97
2331	10363	97
2338	10364	97
2339	10365	97
2019	10366	86
2021	10367	74
2022	10368	72
2023	10369	74
2024	10370	29
2025	10371	29
2026	10372	29
2027	10373	29
2028	10374	29
2029	10375	74
2030	10376	74
2031	10377	74
2032	10378	74
2033	10379	54
2034	10380	68
2035	10381	68
2055	10382	68
2056	10383	68
2036	10384	68
2057	10385	68
2037	10386	74
2038	10387	74
2039	10388	74
2040	10389	86
2041	10390	86
2042	10391	29
2043	10392	108
2044	10393	68
2045	10394	86
2046	10395	86
2047	10396	29
2048	10397	29
2049	10398	68
2050	10399	29
2051	10400	98
1984	10401	68
1985	10402	86
1986	10403	68
1987	10404	29
1988	10405	86
1989	10406	86
1990	10407	86
1991	10408	29
1992	10409	86
1993	10410	86
1994	10411	68
1995	10412	29
1996	10413	68
1997	10414	29
1998	10415	29
1999	10416	86
2000	10417	86
2001	10418	68
2020	10419	86
1718	10420	86
2002	10421	86
2003	10422	86
2004	10423	86
2005	10424	68
2006	10425	86
2007	10426	108
2008	10427	98
2009	10428	98
2010	10429	98
2011	10430	74
2012	10431	74
2013	10432	74
2014	10433	74
2015	10434	98
2016	10435	74
4184	10436	254
2018	10437	86
1979	10438	86
1980	10449	72
1981	10450	72
1982	10451	26
1983	10452	26
1717	10453	62
1813	10454	72
1814	10455	72
1815	10456	72
1816	10457	74
1817	10458	74
1818	10459	26
1819	10460	72
1820	10461	72
1821	10462	62
1822	10463	74
1823	10464	62
1824	10465	74
1825	10466	72
1826	10467	98
1827	10468	72
1828	10469	72
1962	10470	72
1963	10471	74
1964	10472	74
1965	10473	74
1966	10474	98
1967	10475	98
1968	10476	98
1969	10477	98
1970	10478	98
1971	10479	72
1972	10480	72
1973	10481	72
1974	10482	62
1975	10483	62
1976	10484	72
1977	10485	72
1701	10486	72
1702	10487	72
1703	10488	62
1704	10489	72
1705	10490	72
1706	10491	72
1707	10492	72
1708	10493	72
1709	10494	72
1710	10495	74
1711	10496	98
1712	10497	26
1713	10498	26
1714	10499	98
1715	10500	34
1812	10501	34
1978	10502	34
1927	10503	34
1928	10504	34
1929	10505	34
1930	10506	42
1931	10507	42
1932	10508	42
1933	10509	62
1934	10510	62
1935	10511	98
1936	10512	72
1937	10513	98
1938	10514	98
1939	10515	98
1940	10516	98
1941	10517	98
1942	10518	62
1943	10519	62
1944	10520	62
1945	10521	62
1946	10522	74
1947	10523	72
1948	10524	26
1949	10525	62
1950	10526	62
1951	10527	62
1952	10528	74
1953	10529	62
1954	10530	74
1955	10531	26
1956	10532	26
1957	10533	26
1958	10534	26
1959	10535	26
1960	10536	26
1961	10537	26
1895	10538	72
1896	10539	72
1897	10540	72
1898	10541	72
1899	10542	72
1900	10543	62
1901	10544	72
1902	10545	72
1916	10560	72
1920	10564	19
1926	10574	72
1864	10580	72
1865	10581	74
1866	10582	62
1867	10583	74
1869	10589	72
1870	10590	72
1871	10591	72
1872	10592	72
1873	10593	72
1874	10594	72
1700	10595	72
1875	10596	72
1876	10597	72
1877	10598	72
1878	10599	72
1879	10600	72
1880	10601	72
1881	10602	72
1882	10603	72
1883	10604	72
1884	10605	72
1885	10606	72
1886	10607	72
1887	10608	72
1888	10609	72
1889	10610	72
1890	10611	72
1891	10612	72
1892	10613	72
1893	10614	72
1894	10615	72
1831	10616	62
1832	10617	62
1833	10618	62
1834	10619	62
1835	10620	62
1836	10621	62
1837	10622	62
1838	10623	62
1839	10624	62
1840	10625	62
1841	10626	62
1842	10627	62
1843	10628	72
1844	10629	72
1845	10630	72
1846	10631	72
1847	10632	72
1848	10633	72
1849	10634	72
1850	10635	72
1851	10636	72
1852	10637	72
1853	10638	72
1854	10639	72
1855	10640	72
1856	10641	72
1857	10642	72
1858	10643	72
1859	10644	72
1780	10645	74
1781	10646	74
1782	10647	74
1783	10648	74
1784	10649	74
1785	10650	74
1786	10651	74
1787	10652	74
1788	10653	74
1789	10654	74
1790	10655	74
1791	10656	74
1792	10657	74
1793	10658	74
1794	10659	72
1795	10660	62
1796	10661	62
1829	10662	62
1805	10663	74
1694	10664	72
1806	10665	72
1695	10666	72
1807	10667	72
1696	10668	72
1808	10669	72
3138	10670	72
1809	10671	126
1698	10672	126
1810	10673	72
1699	10674	72
1811	10675	72
1830	10676	72
1766	10677	72
1767	10678	72
1768	10679	62
1769	10680	62
1770	10681	62
1771	10682	62
1772	10683	62
1773	10684	62
1774	10685	62
1775	10686	62
1776	10687	62
1777	10688	72
1778	10689	72
1797	10690	62
1798	10691	62
1687	10692	62
1799	10693	62
1688	10694	62
1800	10695	62
1689	10696	72
1801	10697	72
1690	10698	72
1802	10699	72
1691	10700	72
1803	10701	72
1692	10702	72
1804	10703	72
1693	10704	72
1779	10705	72
1650	10706	72
1651	10707	72
1652	10708	72
1653	10709	123
1654	10710	72
1655	10711	72
1656	10712	72
1657	10713	72
1658	10714	72
1659	10715	72
1660	10716	123
1661	10717	123
1662	10718	123
1663	10719	72
1664	10720	72
1665	10721	90
1666	10722	72
1667	10723	72
1668	10724	72
1669	10725	72
1670	10726	72
1671	10727	72
1672	10728	72
1673	10729	72
1674	10730	72
1675	10731	72
1676	10732	72
1677	10733	72
1678	10734	72
1679	10735	74
1680	10736	74
1681	10737	74
1682	10738	74
1683	10739	5
1684	10740	124
1685	10741	125
1764	10742	128
1765	10743	72
1648	10744	72
1686	10745	74
2698	10746	72
2699	10747	72
2700	10748	72
2701	10749	17
2702	10750	17
2703	10751	72
2704	10752	17
2705	10753	17
2706	10754	17
2707	10755	17
2708	10756	17
2709	10757	17
2710	10758	17
2711	10759	17
2712	10760	17
2713	10761	72
2714	10762	72
2715	10763	72
2716	10764	72
2717	10765	72
2718	10766	72
2719	10767	72
2720	10768	72
2721	10769	72
2722	10770	72
2723	10771	72
2724	10772	17
2725	10773	17
2726	10774	17
2727	10775	17
2728	10776	17
2729	10777	72
2730	10778	17
2731	10779	17
2732	10780	72
2733	10781	72
2734	10782	72
2735	10783	72
2736	10784	72
2737	10785	72
2738	10786	72
2739	10787	72
2740	10788	72
2741	10789	72
2742	10790	72
2743	10791	72
2744	10792	72
2745	10793	72
2746	10794	72
2747	10795	72
2748	10796	72
2749	10797	72
2750	10798	72
2751	10799	72
2752	10800	72
2753	10801	148
2754	10802	148
2755	10803	72
2756	10804	148
2757	10805	148
2758	10806	129
2759	10807	72
2760	10808	72
2761	10809	72
2763	10810	72
2764	10811	72
2765	10812	72
2766	10813	72
2767	10814	72
2768	10815	72
2769	10816	72
2770	10817	72
2771	10818	72
2772	10819	72
2773	10820	72
2774	10821	72
2775	10822	72
2776	10823	72
2777	10824	72
2778	10825	72
2779	10826	72
2780	10827	72
2781	10828	72
2782	10829	72
2783	10830	105
2784	10831	72
2785	10832	72
2786	10833	72
2802	10834	151
2803	10835	151
2804	10836	151
2805	10837	151
2787	10838	72
2788	10839	72
2789	10840	72
2806	10841	72
2790	10842	72
2791	10843	36
2792	10844	109
2793	10845	109
2794	10846	109
2795	10847	109
2796	10848	166
2797	10849	36
2798	10850	109
2799	10851	109
2800	10852	109
2801	10853	109
2833	10854	72
2834	10855	72
2835	10856	72
2836	10857	72
2837	10858	63
2838	10859	72
2839	10860	72
2840	10861	72
2841	10862	51
2842	10863	72
2843	10864	51
2844	10865	72
2845	10866	72
2846	10867	72
2847	10868	51
2848	10869	51
2849	10870	72
2807	10871	109
2808	10872	51
2809	10873	109
2810	10874	51
2811	10875	51
2812	10876	51
2813	10877	58
2814	10878	58
2815	10879	51
2816	10880	51
2817	10881	51
2818	10882	58
2819	10883	58
2820	10884	51
2821	10885	51
2822	10886	51
2823	10887	51
2824	10888	51
2825	10889	51
2826	10890	152
2827	10891	58
2828	10892	58
2829	10893	51
2830	10894	153
2831	10895	153
2832	10896	153
2855	10897	153
2856	10898	153
2857	10899	153
2858	10900	153
2859	10901	153
2860	10902	109
2861	10903	109
222	10904	98
223	10905	98
224	10906	98
225	10907	98
226	10908	98
227	10909	98
228	10910	98
229	10911	98
230	10912	98
231	10913	98
232	10914	98
233	10915	109
234	10916	109
235	10917	109
236	10918	98
237	10919	98
238	10920	98
239	10921	98
240	10922	98
241	10923	98
242	10924	98
243	10925	109
244	10926	109
245	10927	109
246	10928	109
247	10929	109
248	10930	109
249	10931	109
250	10932	109
251	10933	109
252	10934	72
253	10935	72
254	10936	72
255	10937	72
256	10938	72
257	10939	72
258	10940	105
259	10941	109
260	10942	109
261	10943	109
262	10944	109
263	10945	109
264	10946	105
265	10947	48
266	10948	48
267	10949	48
268	10950	48
269	10951	48
270	10952	48
271	10953	48
272	10954	98
273	10955	166
274	10956	166
275	10957	105
276	10958	48
277	10959	63
2850	10960	72
2851	10961	72
2852	10962	72
2853	10963	72
2854	10964	72
2862	10965	74
2863	10966	74
2864	10967	74
2865	10968	159
2866	10969	61
2867	10970	79
2868	10971	160
2869	10972	63
2870	10973	158
2871	10974	161
2872	10975	42
2873	10976	105
2874	10977	76
2875	10978	76
2876	10979	163
2877	10980	79
2878	10981	15
2879	10982	15
2880	10983	15
2881	10984	15
2882	10985	157
2883	10986	66
2884	10987	66
2885	10988	66
279	10989	42
280	10990	42
281	10991	79
282	10992	160
283	10993	18
284	10994	18
285	10995	63
286	10996	63
287	10997	156
288	10998	161
289	10999	66
290	11000	66
291	11001	66
292	11002	157
293	11003	157
294	11004	160
295	11005	79
296	11006	79
297	11007	164
298	11008	158
299	11009	15
300	11010	66
301	11011	74
302	11012	159
303	11013	88
304	11014	88
305	11015	76
306	11016	15
307	11017	162
308	11018	74
309	11019	157
310	11020	157
311	11021	157
312	11022	157
313	11023	157
314	11024	157
315	11025	165
316	11026	165
317	11027	165
318	11028	165
319	11029	165
320	11030	165
321	11031	155
322	11032	155
323	11033	155
324	11034	155
325	11035	155
326	11036	155
327	11037	155
328	11038	155
329	11039	155
330	11040	76
331	11041	76
332	11042	162
333	11043	93
334	11044	93
335	11045	93
336	11046	93
337	11047	74
338	11048	74
339	11049	74
340	11050	74
341	11051	74
342	11052	109
343	11053	109
344	11054	109
278	11055	72
345	11056	72
346	11057	72
347	11058	109
362	11059	72
363	11060	72
364	11061	45
365	11062	109
366	11063	109
367	11064	40
368	11065	40
369	11066	40
370	11067	109
371	11068	109
372	11069	109
373	11070	109
374	11071	109
375	11072	109
376	11073	167
377	11074	167
378	11075	167
379	11076	167
380	11077	172
381	11078	170
382	11079	168
383	11080	169
384	11081	172
385	11082	172
386	11083	172
387	11084	168
388	11085	168
389	11086	169
390	11087	169
391	11088	169
392	11089	169
393	11090	169
394	11091	172
395	11092	172
396	11093	159
397	11094	159
398	11095	172
399	11096	168
400	11097	168
401	11098	159
402	11099	159
403	11100	169
404	11101	169
405	11102	169
406	11103	159
407	11104	169
408	11105	169
409	11106	168
410	11107	159
411	11108	168
412	11109	159
413	11110	169
414	11111	159
415	11112	159
416	11113	136
417	11114	136
418	11115	159
419	11116	136
420	11117	136
421	11118	136
422	11119	169
423	11120	136
424	11121	136
425	11122	60
426	11123	60
427	11124	170
428	11125	95
429	11126	95
430	11127	95
431	11128	98
432	11129	98
433	11130	98
434	11131	60
435	11132	60
436	11133	132
437	11134	15
438	11135	15
439	11136	18
440	11137	18
441	11138	18
442	11139	98
443	11140	98
444	11141	98
445	11142	98
446	11143	98
447	11144	98
448	11145	98
449	11146	170
450	11147	170
451	11148	60
452	11149	132
453	11150	15
454	11151	93
455	11152	15
456	11153	15
457	11154	171
458	11155	170
459	11156	132
460	11157	93
461	11158	129
462	11159	170
463	11160	18
464	11161	132
465	11162	93
466	11163	171
467	11164	132
468	11165	84
469	11166	132
470	11167	170
471	11168	170
472	11169	132
473	11170	132
474	11171	132
475	11172	18
476	11173	18
477	11174	170
478	11175	18
479	11176	170
480	11177	170
481	11178	170
482	11179	132
483	11180	132
484	11181	132
485	11182	63
486	11183	63
487	11184	63
488	11185	63
489	11186	63
490	11187	63
491	11188	84
492	11189	168
493	11190	63
494	11191	63
495	11192	168
348	11193	72
349	11194	72
350	11195	72
351	11196	72
352	11197	62
353	11198	174
354	11199	174
355	11200	72
356	11201	72
357	11202	72
358	11203	72
359	11204	72
360	11205	72
361	11206	72
496	11207	72
497	11208	72
498	11209	72
499	11210	72
500	11211	72
501	11212	72
502	11213	72
503	11214	177
504	11215	179
505	11216	62
506	11217	178
507	11218	98
508	11219	178
509	11220	178
510	11221	72
511	11222	72
512	11223	62
513	11224	72
514	11225	179
515	11226	72
516	11227	72
517	11228	72
518	11229	98
519	11230	98
520	11231	180
521	11232	180
522	11233	72
523	11234	72
524	11235	72
525	11236	72
526	11237	72
527	11238	72
528	11239	72
529	11240	72
530	11241	72
531	11242	72
532	11243	72
533	11244	72
534	11245	72
535	11246	72
536	11247	72
537	11248	98
538	11249	98
539	11250	98
540	11251	98
541	11252	98
542	11253	72
543	11254	98
544	11255	98
545	11256	98
546	11257	98
547	11258	98
548	11259	72
549	11260	98
550	11261	98
551	11262	97
552	11263	176
553	11264	173
554	11265	173
555	11266	97
556	11267	98
557	11268	173
558	11269	97
559	11270	97
560	11271	173
561	11272	173
562	11273	173
563	11274	176
564	11275	72
565	11276	176
566	11277	97
567	11278	97
568	11279	173
569	11280	97
570	11281	72
571	11282	98
572	11283	98
573	11284	173
574	11285	173
575	11286	173
576	11287	173
577	11288	173
578	11289	182
579	11290	72
580	11291	173
581	11292	173
582	11293	173
583	11294	173
584	11295	98
585	11296	98
586	11297	173
587	11298	182
588	11299	176
589	11300	72
590	11301	72
591	11302	176
592	11303	123
593	11304	123
594	11305	123
595	11306	72
596	11307	72
597	11308	72
598	11309	98
599	11310	72
600	11311	72
601	11312	72
602	11313	98
603	11314	98
604	11315	74
605	11316	74
606	11317	74
607	11318	74
608	11319	74
609	11320	74
610	11321	74
611	11322	74
612	11323	74
613	11324	74
614	11325	74
615	11326	74
616	11327	74
617	11328	74
618	11329	74
619	11330	74
620	11331	74
621	11332	74
622	11333	74
623	11334	74
624	11335	74
625	11336	74
626	11337	74
627	11338	74
628	11339	74
629	11340	74
630	11341	74
631	11342	74
632	11343	10
633	11344	10
634	11345	10
635	11346	10
636	11347	10
637	11348	10
638	11349	10
639	11350	10
640	11351	10
641	11352	72
642	11353	10
643	11354	10
644	11355	72
645	11356	72
646	11357	72
647	11358	10
648	11359	72
649	11360	10
650	11361	72
651	11362	72
652	11363	72
653	11364	72
654	11365	10
655	11366	88
656	11367	10
657	11368	10
658	11369	10
659	11370	10
660	11371	74
721	11372	10
722	11373	199
723	11374	98
724	11375	168
725	11376	185
726	11377	88
727	11378	199
728	11379	185
729	11380	184
730	11381	168
731	11382	184
732	11383	184
733	11384	72
734	11385	72
735	11386	184
736	11387	72
737	11388	199
738	11389	168
739	11390	168
740	11391	199
741	11392	168
742	11393	159
743	11394	88
744	11395	159
745	11396	88
746	11397	98
747	11398	88
748	11399	184
749	11400	168
750	11401	183
751	11402	10
752	11403	183
753	11404	183
754	11405	10
755	11406	10
756	11407	10
757	11408	10
758	11409	10
759	11410	10
760	11411	183
761	11412	10
762	11413	183
763	11414	10
764	11415	10
765	11416	10
766	11417	183
767	11418	10
768	11419	10
769	11420	10
770	11421	183
661	11422	187
662	11423	81
663	11424	81
664	11425	81
665	11426	81
666	11427	81
667	11428	81
668	11429	81
669	11430	81
670	11431	63
671	11432	40
672	11433	90
673	11434	90
674	11435	19
675	11436	63
676	11437	81
677	11438	81
678	11439	81
679	11440	40
680	11441	186
681	11442	40
682	11443	159
683	11444	159
684	11445	159
685	11446	159
686	11447	81
687	11448	81
688	11449	187
689	11450	123
690	11451	74
691	11452	74
692	11453	74
693	11454	74
694	11455	123
695	11456	74
696	11457	72
697	11458	72
698	11459	62
699	11460	62
700	11461	62
701	11462	62
702	11463	62
703	11464	62
704	11465	62
705	11466	62
706	11467	62
707	11468	72
708	11469	72
709	11470	62
710	11471	62
711	11472	62
712	11473	62
713	11474	62
714	11475	62
715	11476	72
716	11477	72
717	11478	72
718	11479	72
719	11480	72
720	11481	72
771	11482	72
772	11483	72
773	11484	72
774	11485	72
775	11486	72
776	11487	72
777	11488	72
778	11489	123
780	11491	72
781	11492	72
782	11493	72
783	11494	72
784	11495	72
785	11496	72
786	11497	72
787	11498	123
788	11499	123
789	11500	72
790	11501	123
791	11502	40
792	11503	72
793	11504	123
794	11505	123
795	11506	72
796	11507	123
797	11508	90
798	11509	72
799	11510	72
800	11511	72
801	11512	72
802	11513	72
803	11514	72
804	11515	72
805	11516	72
806	11517	72
807	11518	72
808	11519	72
838	11520	123
859	11576	74
888	11607	72
889	11613	72
921	11622	16
922	11623	72
923	11624	72
924	11625	16
925	11626	16
926	11627	16
927	11628	188
928	11629	72
929	11630	72
930	11631	188
931	11632	188
932	11633	188
933	11634	188
934	11635	188
935	11636	188
779	11637	98
809	11638	74
810	11639	74
890	11640	74
811	11641	74
812	11642	74
813	11643	74
814	11644	74
815	11645	74
816	11646	74
817	11647	74
818	11648	74
819	11649	74
820	11650	74
821	11651	74
822	11652	76
823	11653	74
824	11654	74
825	11655	74
826	11656	74
827	11657	74
828	11658	74
829	11659	72
830	11660	72
831	11661	72
832	11662	84
833	11663	10
834	11664	84
835	11665	72
836	11666	72
837	11667	84
839	11668	72
840	11669	10
841	11670	74
842	11671	74
843	11672	74
844	11673	72
845	11674	72
846	11675	72
847	11676	72
848	11677	63
860	11678	63
849	11679	63
850	11680	84
851	11681	84
852	11682	63
853	11683	63
854	11684	63
855	11685	84
856	11686	63
857	11687	84
858	11688	63
861	11689	84
862	11690	74
863	11691	74
864	11692	74
865	11693	74
866	11694	74
867	11695	74
868	11696	74
869	11697	74
870	11698	74
871	11699	74
936	11700	123
937	11701	123
938	11702	190
939	11703	65
940	11704	63
941	11705	193
942	11706	191
943	11707	108
944	11708	190
945	11709	63
946	11710	63
947	11711	63
948	11712	63
949	11713	98
950	11714	108
1860	11715	108
1861	11716	98
1862	11717	109
1863	11718	72
872	11719	123
873	11720	63
874	11721	63
875	11722	67
876	11723	84
877	11724	84
878	11725	67
879	11726	67
880	11727	72
881	11728	72
882	11729	72
883	11730	72
884	11731	72
885	11732	72
886	11733	72
887	11734	72
891	11735	72
892	11736	72
893	11737	98
894	11738	194
895	11739	195
896	11740	159
897	11741	181
898	11742	194
899	11743	194
900	11744	195
901	11745	195
902	11746	195
903	11747	98
904	11748	195
905	11749	98
906	11750	194
907	11751	72
908	11752	72
909	11753	72
910	11754	72
911	11755	98
912	11756	108
913	11757	108
914	11758	98
915	11759	108
916	11760	108
917	11761	30
918	11762	98
919	11763	98
920	11764	98
1868	11765	98
1903	11766	98
1904	11767	123
1905	11768	74
1906	11769	74
1907	11770	74
1908	11771	123
2762	11772	197
951	11773	63
952	11774	197
953	11775	197
954	11776	105
955	11777	63
956	11778	197
957	11779	196
958	11780	98
970	11781	191
971	11782	105
972	11783	198
973	11784	51
974	11785	59
975	11786	88
976	11787	59
977	11788	63
978	11789	63
979	11790	30
980	11791	142
981	11792	63
1909	11793	15
1910	11794	15
1911	11795	15
1912	11796	15
1913	11797	98
1914	11798	161
1915	11799	161
1917	11800	98
1918	11801	98
1919	11802	98
1921	11803	98
1922	11804	98
1923	11805	98
959	11806	61
960	11807	74
961	11808	74
962	11809	74
963	11810	74
964	11811	74
965	11812	74
966	11813	74
967	11814	74
982	11815	74
983	11816	74
984	11817	74
985	11818	74
986	11819	74
987	11820	74
988	11821	74
989	11822	74
990	11823	74
991	11824	74
992	11825	74
993	11826	74
994	11827	74
995	11828	74
996	11829	74
997	11830	74
998	11831	74
1924	11832	72
1925	11833	18
968	11834	72
969	11835	18
2886	11836	72
2887	11837	72
2888	11837	98
2896	11838	72
3132	11839	72
3133	11840	72
2897	11841	72
2898	11842	72
2899	11843	72
2900	11844	72
2901	11845	72
2902	11846	72
2903	11847	72
2904	11848	72
2905	11849	72
2907	11850	109
2908	11851	202
2909	11852	203
2910	11853	202
2912	11854	72
2911	11854	203
2913	11855	72
2914	11856	72
2915	11857	72
2916	11858	72
2917	11859	72
2918	11860	109
2920	11861	109
2921	11862	204
2922	11863	204
2923	11864	204
2924	11865	204
2925	11866	204
2926	11867	109
2927	11868	109
2928	11869	204
2929	11870	204
2930	11871	72
2931	11872	72
2932	11873	204
2933	11874	109
2934	11875	109
2935	11876	72
2936	11877	72
2937	11878	72
2938	11879	72
2939	11880	72
2940	11881	72
2941	11882	72
2942	11883	72
2943	11884	72
2944	11885	72
2945	11886	72
2946	11887	72
2947	11888	72
2948	11888	206
2949	11889	206
2950	11890	206
2951	11891	109
2952	11891	188
2953	11892	109
2954	11892	188
2957	11893	10
2958	11894	185
2959	11895	63
2960	11896	93
2961	11897	63
2962	11898	63
2963	11899	63
2964	11900	63
2971	11901	63
2972	11901	93
2970	11901	132
2969	11901	185
2973	11902	208
2974	11903	132
2975	11904	93
2976	11905	93
2978	11906	18
2979	11907	209
2981	11908	74
2983	11909	98
2982	11909	210
2990	11910	18
2993	11910	98
2991	11910	210
2992	11910	211
2989	11910	212
2994	11911	10
2997	11911	109
3000	11911	202
2998	11911	213
2999	11911	214
2996	11911	215
2995	11911	216
3006	11912	10
3009	11912	109
3010	11912	202
3008	11912	215
3007	11912	216
3011	11913	217
3013	11914	182
3017	11915	98
3016	11915	211
3015	11915	216
3014	11915	218
3021	11916	18
3023	11916	207
3022	11916	213
3026	11917	98
3024	11917	210
3025	11917	219
3027	11918	109
3028	11919	109
3029	11920	109
3030	11921	109
3031	11922	97
3032	11923	205
3033	11924	205
3035	11925	205
3036	11926	220
3037	11927	97
3038	11928	205
3039	11929	205
3040	11930	205
3041	11931	97
3042	11932	206
3043	11933	206
3044	11934	10
3045	11935	205
3046	11936	205
3047	11937	205
3048	11938	205
3049	11939	206
3050	11940	206
3051	11941	206
3052	11942	206
3053	11943	210
3054	11944	210
3055	11945	210
3056	11946	98
3057	11947	216
3058	11948	216
3059	11948	221
3060	11949	98
3061	11950	98
3062	11951	98
3063	11952	221
3064	11953	216
3065	11954	98
3066	11955	98
3067	11956	98
3068	11957	98
3069	11958	98
3070	11959	98
3071	11960	98
3072	11961	98
3073	11962	109
3074	11963	109
3080	11964	109
3075	11964	221
3076	11965	109
3077	11965	221
3078	11966	109
3079	11966	221
3085	11967	63
3086	11967	98
3084	11967	185
3087	11968	222
3088	11969	81
3089	11970	222
3090	11971	222
3091	11972	222
3092	11973	210
3093	11974	18
3094	11975	203
3095	11976	72
3096	11977	72
3097	11978	72
3098	11979	72
3099	11980	202
3100	11981	109
3101	11982	109
3102	11983	109
3103	11984	109
3105	11985	109
3104	11985	182
3107	11985	202
3106	11985	203
3108	11986	74
3109	11987	203
3110	11988	74
3111	11989	74
3112	11990	109
3113	11991	203
3114	11992	203
3115	11993	205
3116	11994	205
3117	11995	205
3118	11996	205
3119	11997	205
3120	11998	205
3121	11999	205
3122	12000	205
3123	12001	205
3124	12002	205
3125	12003	205
3126	12004	205
3127	12005	205
3128	12006	203
3130	12007	72
3131	12007	188
3129	12007	219
3140	12029	109
3141	12030	109
3142	12031	109
3143	12032	109
3144	12033	72
3145	12034	72
3146	12035	223
3147	12036	223
3148	12037	223
3149	12038	223
3150	12039	223
3151	12040	223
3152	12041	109
3153	12042	223
3154	12043	223
3155	12044	109
3156	12045	223
3157	12046	109
3158	12047	223
3159	12048	109
3160	12049	223
3161	12050	72
3162	12051	72
3163	12052	72
3164	12053	72
3165	12054	72
3166	12055	72
3167	12056	62
3168	12056	105
3169	12057	72
3170	12058	223
3171	12059	72
3172	12060	72
3173	12061	72
3257	12062	72
3175	12063	72
3176	12064	72
3177	12065	72
3178	12066	72
3179	12067	72
3180	12068	72
3181	12068	98
3182	12069	72
3183	12070	72
3184	12071	72
3185	12072	72
3186	12073	72
3187	12074	72
3188	12075	72
3189	12076	224
3190	12077	109
3191	12078	109
3192	12079	109
3193	12080	109
3194	12081	72
3195	12082	72
3196	12083	72
3197	12084	72
3198	12085	224
3199	12086	224
3200	12087	224
3201	12088	224
3202	12089	72
3203	12090	72
3204	12091	72
3205	12092	72
3206	12093	72
3207	12094	72
3208	12095	72
3209	12096	72
3210	12097	109
3211	12098	98
3212	12099	98
3213	12100	47
3214	12101	10
3215	12102	98
3216	12103	98
3217	12104	47
3218	12105	98
3219	12106	98
3220	12107	98
3221	12108	98
3222	12109	47
3223	12110	10
3224	12110	18
3225	12110	47
3227	12110	95
3226	12110	159
3228	12111	72
3229	12112	72
3230	12113	72
3231	12114	18
3232	12115	18
3233	12116	18
3234	12117	18
3235	12118	225
3236	12119	98
3237	12120	225
3238	12121	225
3239	12122	18
3240	12123	18
3241	12124	18
3242	12125	18
3243	12126	226
3244	12127	18
3245	12128	18
3246	12129	18
3247	12130	18
3248	12131	226
3249	12132	226
3250	12133	18
3251	12134	18
3252	12135	18
3253	12136	18
3254	12137	18
3255	12138	18
3256	12139	18
3258	12140	51
3259	12141	51
3260	12142	51
3261	12143	51
3262	12144	84
3263	12145	63
3264	12146	63
3265	12147	84
3266	12148	63
3267	12149	84
3268	12150	63
3269	12151	63
3270	12152	63
3271	12153	185
3272	12154	84
3273	12155	63
3274	12156	63
3275	12157	63
3276	12158	63
3277	12159	63
3278	12160	84
3279	12161	63
3280	12162	63
3281	12163	63
3282	12164	84
3283	12165	228
3284	12166	181
3285	12167	181
3286	12168	228
3287	12169	181
3288	12170	181
3289	12171	36
3290	12172	36
3291	12173	181
3292	12174	72
3293	12175	72
3294	12176	72
3295	12177	181
3296	12178	229
3297	12179	18
3298	12180	227
3299	12181	181
3300	12182	181
3336	12183	26
3337	12183	62
3338	12183	72
3341	12184	62
3342	12184	72
3344	12185	17
3346	12185	47
3348	12185	60
3349	12185	72
3351	12185	96
3345	12185	127
3343	12185	230
3347	12185	231
3350	12185	232
3352	12186	72
3353	12187	72
3354	12188	10
3355	12188	48
3356	12188	63
3358	12188	81
3357	12188	197
3359	12189	10
3360	12189	48
3361	12189	63
3363	12189	81
3362	12189	197
3367	12190	26
3368	12190	62
3369	12190	72
3371	12191	45
3374	12191	72
3375	12191	98
3372	12191	109
3370	12191	189
3373	12191	233
3908	12191	245
3376	12192	72
3377	12193	72
3378	12193	79
3379	12193	98
3380	12194	17
3381	12194	72
3382	12195	60
3383	12196	10
3386	12196	65
3387	12196	72
3389	12196	108
3384	12196	189
3385	12196	190
3388	12196	191
3390	12197	18
3391	12197	72
3401	12198	72
3400	12198	109
3398	12198	182
3399	12198	205
3402	12198	206
3403	12198	207
3301	12199	206
3600	12200	63
3602	12200	88
3601	12200	159
3604	12200	168
3599	12200	184
3603	12200	199
3606	12201	29
3607	12201	72
3605	12201	181
3305	12202	51
3306	12202	63
3307	12202	72
3308	12202	84
3303	12202	181
3304	12202	185
3302	12202	227
3608	12203	10
3609	12203	18
3611	12203	47
3613	12203	72
3614	12203	95
3615	12203	98
3610	12203	109
3612	12203	226
3616	12204	72
3309	12205	72
3617	12206	72
3310	12207	16
3311	12207	30
3312	12207	36
3313	12207	40
3315	12207	56
3316	12207	63
3317	12207	65
3318	12207	72
3319	12207	76
3320	12207	84
3321	12207	88
3322	12207	90
3323	12207	98
3314	12207	109
3324	12208	40
3325	12209	90
3326	12210	72
3327	12211	16
3328	12211	19
3331	12211	63
3332	12211	68
3333	12211	79
3334	12211	83
3335	12211	90
3330	12211	100
3329	12211	186
3406	12212	44
3408	12212	51
3409	12212	59
3410	12212	63
3411	12212	72
3413	12212	79
3415	12212	93
3417	12212	96
3418	12212	98
3407	12212	104
3405	12212	142
3414	12212	159
3416	12212	168
3404	12212	169
3412	12212	234
3419	12213	193
3420	12214	74
3439	12215	6
3440	12215	12
3441	12215	16
3443	12215	18
3444	12215	32
3445	12215	36
3447	12215	61
3448	12215	63
3449	12215	66
3450	12215	76
3451	12215	77
3452	12215	81
3454	12215	88
3455	12215	90
3456	12215	98
3453	12215	191
3442	12215	193
3446	12215	233
3458	12216	5
3460	12216	8
3463	12216	15
3464	12216	18
3465	12216	30
3466	12216	36
3467	12216	40
3468	12216	44
3469	12216	45
3470	12216	48
3472	12216	51
3473	12216	59
3474	12216	63
3476	12216	66
3475	12216	67
3478	12216	72
3480	12216	76
3481	12216	81
3482	12216	84
3484	12216	93
3486	12216	95
3462	12216	142
3461	12216	160
3485	12216	168
3459	12216	170
3457	12216	172
3483	12216	191
3477	12216	194
3479	12216	234
3471	12216	235
3487	12217	12
3489	12217	61
3488	12217	193
3490	12218	12
3491	12218	45
3492	12218	61
3511	12219	10
3512	12219	15
3513	12219	42
3514	12219	48
3515	12219	61
3516	12219	63
3518	12219	79
3520	12219	83
3521	12219	88
3522	12219	98
3523	12219	102
3524	12219	155
3510	12219	156
3509	12219	157
3519	12219	159
3517	12219	196
3526	12220	5
3528	12220	18
3529	12220	30
3532	12220	48
3533	12220	51
3535	12220	56
3536	12220	59
3537	12220	63
3538	12220	65
3540	12220	66
3539	12220	67
3542	12220	76
3545	12220	83
3546	12220	84
3548	12220	96
3549	12220	98
3550	12220	108
3534	12220	129
3531	12220	151
3544	12220	159
3525	12220	172
3527	12220	184
3547	12220	191
3530	12220	198
3543	12220	236
3541	12220	237
3551	12221	5
3552	12221	48
3553	12221	63
3554	12221	68
3556	12221	79
3557	12221	90
3558	12221	155
3555	12221	194
3559	12222	5
3560	12222	48
3561	12222	63
3562	12222	68
3564	12222	79
3565	12222	90
3566	12222	155
3563	12222	194
3567	12223	5
3568	12223	48
3569	12223	63
3570	12223	68
3572	12223	79
3573	12223	90
3574	12223	155
3571	12223	194
3575	12224	33
3576	12224	72
3579	12225	33
3580	12225	72
3581	12226	22
3583	12226	238
3585	12226	239
3582	12226	240
3584	12226	241
3586	12227	72
3587	12228	72
3588	12229	72
3590	12230	62
3591	12230	72
3592	12230	98
3589	12230	180
3593	12231	26
3594	12231	62
3595	12231	72
3596	12232	26
3597	12232	62
3598	12232	72
3618	12233	98
3619	12234	98
3620	12235	138
3621	12236	138
3622	12237	98
3623	12238	138
3624	12239	105
3625	12240	105
3626	12241	138
3627	12242	243
3628	12243	242
3629	12244	105
3630	12245	98
3631	12246	242
3632	12247	138
3633	12248	98
3634	12249	243
3635	12250	98
3636	12251	243
3637	12252	98
3638	12253	98
3639	12254	138
3640	12255	242
3641	12256	242
3642	12257	242
3643	12258	242
3644	12259	98
3645	12260	98
3646	12261	98
3647	12262	98
3648	12263	98
3649	12264	98
3650	12265	138
3655	12266	72
3656	12267	72
3657	12268	72
3658	12269	229
3659	12270	229
3660	12271	72
3661	12272	229
3662	12273	181
3663	12274	40
3664	12275	181
3665	12276	181
3666	12277	40
3667	12278	229
3668	12279	227
3669	12280	181
3670	12281	227
3671	12282	72
3682	12283	72
3672	12284	72
3673	12285	72
3674	12286	72
3675	12287	72
3676	12288	72
3677	12289	72
3678	12290	72
3679	12291	72
3680	12292	72
3681	12293	72
3715	12294	74
3716	12295	74
3717	12296	74
3718	12297	244
3719	12298	244
3720	12299	244
3721	12300	244
3722	12301	244
3723	12302	244
3724	12303	72
3725	12304	72
3726	12305	72
3727	12306	72
3728	12307	244
3729	12308	244
3730	12309	244
3731	12310	244
3732	12311	244
3733	12312	244
3734	12313	244
3735	12314	244
3736	12315	244
3737	12316	244
3738	12317	72
3739	12318	244
3740	12319	74
3741	12320	74
3742	12321	74
3743	12322	72
3683	12323	72
3684	12324	72
3685	12325	72
3686	12326	62
3687	12327	62
3688	12328	72
3689	12329	72
3690	12330	72
3691	12331	72
3692	12332	72
3693	12333	72
3694	12334	72
3695	12335	72
3696	12336	72
3697	12337	72
3698	12338	72
3699	12339	72
3700	12340	72
3701	12341	72
3702	12342	72
3703	12343	72
3704	12344	72
3705	12345	72
3706	12346	62
3707	12347	62
3708	12348	62
3709	12349	62
3710	12350	62
3711	12351	72
3712	12352	72
3713	12353	62
3714	12354	74
3744	12355	72
3745	12356	109
3746	12357	109
3747	12358	109
3748	12359	72
3749	12360	109
3750	12361	72
3751	12362	72
3752	12363	72
3753	12364	72
3800	12365	18
3801	12366	18
3803	12367	18
3802	12367	227
3804	12367	229
3805	12368	18
3806	12369	18
3807	12370	18
3808	12371	72
3756	12372	66
3757	12373	157
3754	12374	66
3755	12375	66
3809	12376	74
3810	12377	44
3811	12378	44
3812	12379	159
3813	12380	159
3814	12381	245
3815	12382	30
3816	12383	84
3817	12384	151
3818	12385	151
3819	12386	151
3820	12387	66
3821	12388	245
3822	12389	245
3823	12390	151
3824	12391	151
3758	12392	47
3759	12393	30
3760	12394	151
3761	12395	151
3762	12396	245
3763	12397	151
3764	12398	44
3765	12399	44
3766	12400	98
3767	12401	98
3768	12402	66
3769	12403	66
3770	12404	66
3771	12405	66
3772	12406	98
3773	12407	246
3774	12408	151
3776	12409	72
3775	12409	223
3778	12410	72
3779	12411	72
3780	12412	72
3781	12413	84
3782	12414	72
3783	12415	72
3784	12416	223
3785	12417	30
3786	12418	30
3787	12419	223
3788	12420	30
3789	12421	30
3790	12422	223
3791	12423	68
3792	12424	68
3793	12425	191
3794	12426	84
3795	12427	84
3796	12428	59
3797	12429	59
3798	12430	223
3799	12431	223
3825	12432	47
3826	12433	111
3827	12434	111
3828	12435	98
3829	12436	98
3830	12437	15
3831	12437	47
3832	12438	15
3833	12439	237
3834	12440	63
3835	12441	98
3836	12442	98
3837	12443	47
3838	12444	15
3839	12445	98
3840	12446	111
3841	12447	47
3842	12448	157
3843	12449	98
3844	12450	98
3845	12451	81
3846	12452	81
3847	12453	157
3848	12454	98
3849	12455	48
3850	12456	48
3851	12457	48
3852	12458	194
3853	12459	98
3854	12460	98
3855	12461	15
3856	12462	15
3857	12463	194
3858	12464	194
3859	12465	194
3860	12466	194
3861	12467	48
3862	12468	48
3863	12469	157
3864	12470	157
3865	12471	157
3866	12472	194
3867	12473	194
3868	12474	81
3869	12475	81
3870	12476	194
3871	12477	194
3872	12478	194
3873	12479	194
3874	12480	98
3875	12481	48
3876	12482	194
3877	12483	48
3878	12484	81
3895	12485	81
3896	12486	194
3897	12487	48
3898	12488	157
3899	12489	194
3900	12490	194
3901	12491	194
3902	12492	168
3903	12493	98
3904	12494	98
3905	12495	18
3906	12496	48
3907	12497	98
3879	12498	157
3880	12499	194
3881	12500	72
3882	12501	72
3883	12502	18
3884	12503	194
3885	12504	18
3886	12505	74
3887	12506	18
3888	12507	18
3891	12508	48
3892	12508	105
3889	12508	157
3890	12508	184
3893	12509	47
3894	12510	194
4123	17013	30
4124	17014	74
4125	17015	74
4126	17016	74
4127	17017	74
4128	17018	74
4129	17019	72
4130	17020	72
4131	17021	72
4132	17022	74
4133	17023	72
4134	17024	72
4135	17025	72
4136	17026	72
4160	17027	72
4138	17028	74
4139	17029	74
4140	17030	74
4141	17031	74
4142	17032	74
4143	17033	74
4144	17034	74
4146	17035	74
4147	17036	74
4148	17037	74
4149	17038	74
4150	17039	74
4151	17040	74
4152	17041	74
4158	17042	74
3909	17043	74
4154	17043	74
3917	17044	74
4155	17044	74
3918	17045	74
4156	17045	74
3919	17046	74
4157	17046	74
3921	17047	98
3941	17054	72
3944	17054	95
3945	17054	98
3940	17054	109
3943	17054	159
3939	17054	223
3938	17054	249
3942	17054	250
3946	17055	250
3947	17056	250
3948	17057	95
3949	17058	95
3950	17059	95
3951	17060	109
3952	17061	95
3953	17062	250
3954	17063	95
3955	17064	250
3956	17065	109
3957	17066	72
3958	17067	72
3959	17068	72
3962	17069	72
3963	17072	109
3964	17073	72
3965	17074	98
3911	17075	224
3966	17076	98
3967	17077	98
3968	17078	72
3969	17079	109
3970	17080	72
3971	17081	72
3972	17082	72
3973	17083	74
3975	17084	109
3974	17084	182
3977	17084	202
3976	17084	203
3978	17085	205
3979	17086	205
3980	17087	109
3981	17088	109
3982	17089	109
3983	17090	63
3984	17091	72
3985	17092	72
3992	17093	72
3987	17094	74
3988	17095	74
3989	17096	74
3990	17097	74
3991	17098	74
3993	17099	74
3994	17100	74
3995	17101	74
3996	17102	74
3997	17103	74
3998	17104	74
3999	17105	74
4000	17106	192
3915	17107	109
4001	17108	72
4002	17109	109
4003	17110	74
4004	17111	74
4005	17112	72
4006	17113	72
4007	17114	167
4008	17115	159
4059	17116	136
4011	17118	74
4012	17119	74
4013	17120	74
4014	17121	74
4015	17122	74
4016	17123	74
4017	17124	74
4018	17125	74
4019	17126	74
4020	17127	74
4021	17128	74
4022	17129	74
4023	17130	74
4024	17131	74
4025	17132	74
4026	17133	74
4027	17134	74
4028	17135	74
4029	17136	74
4030	17137	74
4031	17138	74
4032	17139	74
4033	17140	74
4035	17230	74
4036	17231	74
4037	17232	74
4038	17233	74
4039	17234	74
4040	17235	74
4041	17236	74
4042	17237	74
4043	17238	74
4044	17239	74
4045	17240	74
4046	17241	74
4047	17242	74
4048	17243	74
4049	17244	74
4050	17245	74
4051	17246	74
4052	17247	74
4053	17248	74
4054	17249	74
4055	17250	74
4056	17251	74
4057	17252	74
4058	17253	74
3916	17253	74
4064	17254	72
4062	17254	109
4060	17254	182
4065	17254	202
4063	17254	203
4061	17254	205
4067	17255	72
4068	17255	98
4066	17255	109
4069	17256	72
4070	17257	72
4072	17258	72
4073	17258	188
4071	17258	245
4101	17259	62
4102	17259	72
4161	17270	72
4162	17271	72
4163	17272	72
4164	17273	72
4165	17274	72
4166	17275	72
3922	17276	74
3923	17277	74
3924	17278	74
3925	17279	109
3926	17280	74
3927	17281	74
4103	17282	72
4104	17283	72
4105	17284	72
4106	17285	72
4107	17286	72
4108	17287	72
4109	17288	72
4110	17289	72
4111	17290	72
4112	17291	72
4113	17292	72
4114	17293	72
4115	17294	72
4116	17295	72
4117	17296	72
4118	17297	72
4119	17298	72
4120	17299	72
4121	17300	72
4251	17301	72
4252	17302	62
4253	17303	62
4254	17304	72
4255	17305	62
4256	17306	62
4257	17307	62
4258	17308	72
4259	17309	62
4260	17310	72
4261	17311	72
4262	17312	72
4263	17313	62
4264	17313	72
4265	17314	72
4168	17315	253
4169	17317	253
4170	17318	18
4171	17319	18
4172	17320	205
4173	17321	205
4174	17322	205
4178	17323	72
4177	17323	109
4176	17323	205
4175	17323	253
4179	17324	253
4180	17325	253
4181	17326	98
4182	17327	205
4183	17328	253
4217	17329	253
4218	17330	205
4219	17331	205
4220	17332	205
4363	17333	205
4364	17334	253
4365	17335	253
4367	17336	205
4368	17337	205
4369	17338	253
4370	17339	205
4371	17340	253
4372	17341	205
4373	17342	205
4374	17343	253
4375	17344	253
4376	17345	253
4377	17346	253
4378	17347	253
4379	17348	205
4380	17349	205
4381	17350	205
4247	17351	205
4248	17352	205
4242	17353	205
4243	17354	205
4244	17355	205
4245	17356	205
4249	17357	205
4250	17358	205
4246	17359	205
4266	17360	253
4267	17361	253
4268	17362	205
4269	17363	253
4270	17364	205
4271	17365	253
4272	17366	253
4273	17367	253
4274	17368	205
4275	17369	205
4276	17370	253
4328	17371	253
4329	17372	205
4330	17373	253
4331	17374	253
4332	17375	205
4333	17376	205
4334	17377	205
4335	17378	253
4336	17379	253
4337	17380	253
4338	17381	253
4339	17382	253
4341	17383	205
4342	17384	257
4343	17385	253
4344	17386	205
4345	17387	253
4347	17388	72
4346	17388	205
4348	17389	205
4349	17390	253
4352	17391	72
4351	17391	205
4350	17391	253
4354	17392	109
4353	17392	205
4355	17393	253
4356	17394	253
4357	17395	253
4358	17396	253
4360	17397	253
4382	17398	253
4383	17399	253
4384	17400	253
4385	17401	253
4387	17402	205
4386	17402	253
4388	17403	74
4389	17404	205
4390	17405	205
4391	17406	205
4392	17407	253
4394	17408	205
4393	17408	253
4396	17409	205
4395	17409	253
4398	17410	205
4397	17410	253
4399	17411	205
4221	17412	253
4223	17413	205
4222	17413	253
4224	17414	74
4225	17415	74
4226	17416	253
4227	17417	253
4228	17418	253
4229	17419	253
4230	17420	253
4231	17421	253
4232	17422	253
4233	17423	253
4234	17424	72
4235	17425	72
4236	17426	253
4237	17427	205
4239	17428	205
4238	17428	253
4240	17429	205
4241	17430	72
4361	17431	258
4362	17432	205
4185	17433	205
4186	17434	253
4187	17435	205
4188	17436	205
4189	17437	205
4190	17438	205
4191	17439	74
4192	17440	205
4193	17441	205
4194	17442	205
4195	17443	205
4196	17444	253
4197	17445	205
4198	17446	205
4199	17447	253
4200	17448	205
4201	17449	205
4202	17450	205
4203	17451	205
4204	17452	205
4205	17453	205
4206	17454	205
4207	17455	205
4208	17456	205
4209	17457	253
4210	17458	253
4211	17459	253
4212	17460	253
4213	17461	205
4214	17462	205
4215	17463	205
4216	17464	205
4400	17465	253
4401	17466	253
4402	17467	72
4403	17468	72
4404	17469	72
4405	17470	205
4406	17471	258
4407	17472	205
4408	17473	205
4409	17474	205
4410	17475	205
4411	17476	205
4413	17477	205
4412	17477	253
4414	17478	259
4415	17479	72
4416	17504	18
4417	17505	72
4420	17506	72
4419	17506	205
4418	17506	253
4423	17507	98
4422	17507	205
4421	17507	253
4426	17508	72
4425	17508	205
4424	17508	253
4428	17509	72
4433	17510	72
4435	17510	98
4434	17510	171
4432	17510	260
4430	17510	261
4431	17510	262
4429	17510	263
4437	17511	18
4439	17511	98
4438	17511	205
4436	17511	253
4440	17512	72
4444	17513	72
4443	17513	205
4441	17513	253
4442	17513	257
4445	17514	72
4447	17515	72
4448	17515	171
4446	17515	260
4451	17516	72
4450	17516	205
4449	17516	253
4457	17517	205
4456	17517	253
4460	17518	72
4462	17518	98
4458	17518	264
4461	17518	265
4459	17518	266
4463	17518	267
4465	17519	18
4468	17519	72
4467	17519	226
4466	17519	255
4464	17519	256
4470	17520	62
4471	17520	72
4472	17520	98
4469	17520	109
4473	17521	72
4475	17522	18
4477	17522	72
4478	17522	98
4476	17522	205
4474	17522	253
4479	17523	18
4480	17523	72
4481	17524	72
4483	17525	226
4482	17525	255
4325	17526	72
4326	17527	72
4327	17528	72
4277	17529	72
4278	17530	72
4279	17531	18
4280	17531	45
4281	17531	98
4282	17532	18
4283	17533	18
4284	17534	98
4285	17535	98
4286	17536	98
4287	17537	18
4288	17537	45
4289	17537	72
4291	17537	98
4290	17537	201
4292	17538	18
4295	17538	98
4293	17538	137
4294	17538	201
4298	17539	98
4296	17539	137
4297	17539	201
4299	17540	18
4300	17541	18
4301	17541	98
4302	17542	45
4303	17543	18
4304	17544	45
4305	17545	72
4306	17546	98
4307	17547	98
4308	17548	18
4309	17549	18
4311	17550	18
4312	17551	255
4313	17552	255
4314	17553	18
4315	17554	255
4316	17555	255
4317	17556	18
4318	17557	255
4320	17558	255
4321	17559	256
4322	17560	255
4323	17561	255
4324	17562	255
4484	17563	226
4485	17564	255
4486	17565	255
4487	17566	255
4488	17567	256
4489	17568	256
4490	17569	18
4492	17570	18
4494	17570	98
4493	17570	226
4491	17570	256
4495	17571	255
4496	17572	256
4497	17573	256
4498	17574	256
4499	17575	256
4500	17576	255
4501	17577	256
4502	17578	256
4503	17579	255
4504	17580	226
4505	17581	255
4506	17582	256
4507	17583	255
4508	17584	255
4509	17585	181
4510	17586	74
4511	17587	18
4642	17588	74
4645	17589	18
4646	17589	151
4647	17590	301
4649	17592	74
4650	17593	302
4651	17594	36
4653	17594	81
4652	17594	214
4654	17594	299
4655	17596	151
4656	17597	151
4658	17598	151
4659	17599	303
4660	17600	303
4661	17601	303
4662	17602	91
4663	17603	91
4665	17604	91
4666	17605	304
4667	17606	304
4668	17607	81
4669	17608	81
4670	17609	301
4700	17610	301
4671	17611	301
4672	17612	301
4673	17613	301
4675	17614	81
4676	17615	81
4679	17616	299
4678	17616	303
4681	17617	299
4680	17617	303
4682	17618	299
4683	17619	299
4684	17620	18
4686	17621	18
4687	17622	18
4688	17623	268
4689	17624	18
4690	17625	98
4691	17626	18
4692	17627	18
4693	17628	18
4694	17629	98
4695	17630	299
4696	17631	72
4697	17632	253
4698	17633	253
4699	17634	253
4701	17635	253
4702	17636	253
4732	17637	253
4703	17638	205
4704	17639	253
4705	17640	205
4706	17641	253
4707	17642	253
4708	17643	253
4709	17644	205
4710	17645	205
4711	17646	205
4712	17647	205
4713	17648	205
4714	17649	205
4715	17650	253
4716	17651	205
4717	17652	205
4718	17653	205
4719	17654	205
4720	17655	205
4721	17656	205
4722	17657	205
4723	17658	281
4724	17659	281
4725	17660	205
4726	17661	205
4727	17662	205
4728	17663	205
4729	17664	205
4730	17665	205
4731	17666	205
4733	17667	205
4734	17668	281
4735	17669	281
4736	17670	281
4737	17671	92
4738	17672	98
4739	17673	268
4740	17674	281
4741	17675	281
4742	17676	98
4743	17677	281
4744	17678	281
4745	17679	268
4746	17680	281
4747	17681	281
4748	17682	205
4749	17683	205
4751	17684	92
4750	17684	205
4752	17685	92
4753	17686	92
4754	17687	205
4755	17688	205
4756	17689	253
4757	17690	253
4758	17691	155
4759	17692	282
4760	17693	27
4761	17694	274
4762	17695	288
4763	17696	288
4764	17697	288
4765	17698	282
4766	17699	282
4767	17700	276
4768	17701	155
4769	17702	205
4770	17702	282
4512	17769	205
4513	17770	268
4514	17771	205
4515	17772	18
4516	17773	18
4517	17774	98
4518	17775	282
4519	17776	205
4520	17777	283
4521	17778	98
4522	17779	98
4523	17780	98
4524	17781	281
4525	17782	98
4526	17783	98
4527	17784	171
4528	17785	201
4529	17786	161
4531	17787	205
4532	17788	293
4533	17789	293
4534	17790	293
4535	17791	293
4536	17792	286
4537	17793	289
4538	17794	277
4539	17795	277
4540	17796	277
4541	17797	278
4542	17798	155
4543	17799	287
4544	17800	293
4545	17865	273
4546	17866	273
4547	17867	292
4548	17868	74
4550	17869	291
4551	17870	294
4552	17871	98
4553	17872	98
4554	17873	277
4555	17874	253
4556	17875	277
4557	17876	277
4558	17877	277
4559	17878	294
4560	17879	294
4561	17880	98
4562	17881	98
4563	17882	277
4564	17883	253
4566	17884	253
4567	17885	98
4568	17886	98
4569	17887	277
4570	17888	294
4571	17889	290
4572	17890	290
4573	17891	290
4574	17892	98
4575	17893	278
4576	17894	278
4577	17895	98
4578	17896	274
4616	17917	18
4619	17918	18
4621	17919	81
4622	17972	130
4623	17973	18
4624	17974	18
4625	17974	130
4626	17975	130
4627	17976	296
4628	17977	130
4629	17978	130
4630	17979	98
4631	17980	98
4632	17981	98
4633	17982	192
4634	17983	130
4635	17984	130
4636	17985	296
4637	17986	296
4638	17987	18
4639	17988	18
4640	17989	300
4579	18019	296
4580	18023	296
4581	18028	296
4582	18059	296
4583	18060	296
4584	18157	299
4585	18160	181
4586	18162	93
4587	18165	98
4588	18168	98
4589	18170	98
4590	18172	18
4591	18174	181
4592	18176	181
4593	18178	18
4594	18181	255
4595	18183	289
4596	18185	192
4597	18187	98
4598	18189	98
4599	18191	255
4600	18193	192
4601	18195	289
4602	18197	98
4603	18199	93
4604	18201	98
4605	18203	98
4606	18205	98
4607	18207	300
4608	18209	181
4609	18211	300
4610	18213	255
4611	18215	18
4612	18217	98
4613	18220	255
4615	18222	93
4617	18224	98
4618	18226	93
4641	18229	98
